list(obs= structure(.Data= c(3.09000E+02, 2.92000E+02, 9.81000E+02, 3.56000E+02, 1.97000E+02, 9.51000E+02, 1.54200E+03, 1.21900E+03, 3.38000E+03, 3.79000E+02, 3.10000E+02, 1.05000E+03, 1.35000E+02, 1.31000E+02, 7.99000E+02, 5.79000E+02, 3.88000E+02, 1.90400E+03, 5.06100E+03, 4.22200E+03, 1.21560E+04, 5.33000E+02, 4.41000E+02, 2.09400E+03, 3.64000E+02, 2.64000E+02, 1.48800E+03, 1.18100E+03, 9.09000E+02, 2.39000E+03, 4.39000E+02, 3.37000E+02, 1.40600E+03, 3.93000E+02, 2.89000E+02, 1.69600E+03, 7.11000E+02, 4.53000E+02, 1.55600E+03, 1.53200E+03, 1.27700E+03, 3.92400E+03, 1.76000E+02, 1.47000E+02, 7.86000E+02, 6.05000E+02, 5.68000E+02, 1.60600E+03, 5.84000E+02, 4.90000E+02, 1.78900E+03, 1.45000E+02, 8.80000E+01, 6.30000E+02, 8.35000E+02, 8.67000E+02, 2.16300E+03, 5.41000E+02, 3.27000E+02, 1.06100E+03, 1.85000E+02, 1.70000E+02, 7.92000E+02, 5.26000E+02, 3.81000E+02, 1.57600E+03, 6.24000E+02, 5.16000E+02, 2.17100E+03, 3.46000E+02, 2.84000E+02, 1.38500E+03, 2.94000E+02, 2.11000E+02, 9.40000E+02, 4.94000E+02, 4.90000E+02, 1.55800E+03, 4.24400E+03, 3.51700E+03, 1.25220E+04, 1.11300E+03, 9.44000E+02, 2.35200E+03, 1.06100E+03, 6.35000E+02, 2.47800E+03, 4.91000E+02, 5.06000E+02, 1.75100E+03, 3.76000E+02, 4.51000E+02, 1.66600E+03, 1.64000E+03, 1.28000E+03, 3.70200E+03, 2.25000E+02, 2.11000E+02, 9.91000E+02, 1.09500E+03, 1.01200E+03, 3.63700E+03, 3.70000E+02, 2.79000E+02, 1.60500E+03, 7.71000E+02, 4.94000E+02, 1.58000E+03, 1.58000E+02, 1.53000E+02, 7.69000E+02, 1.61200E+03, 1.21800E+03, 3.39900E+03, 7.70000E+01, 7.50000E+01, 4.65000E+02, 6.88000E+02, 4.65000E+02, 1.35300E+03, 1.44000E+02, 1.07000E+02, 4.50000E+02, 4.75000E+02, 3.28000E+02, 1.78300E+03, 2.14700E+03, 1.80000E+03, 5.38500E+03, 5.51000E+02, 4.39000E+02, 1.81300E+03, 1.71700E+03, 1.44900E+03, 3.71200E+03, 1.78000E+02, 1.86000E+02, 9.41000E+02, 7.52000E+02, 7.32000E+02, 2.60500E+03), .Dim=c(47, 3)), exp= structure(.Data= c(3.00427E+02, 2.43173E+02, 7.90178E+02, 3.62187E+02, 2.99524E+02, 1.03170E+03, 1.54671E+03, 1.26330E+03, 4.11263E+03, 4.76687E+02, 3.82426E+02, 1.23287E+03, 2.07796E+02, 1.75646E+02, 6.42904E+02, 6.38444E+02, 5.23899E+02, 1.80080E+03, 4.88502E+03, 3.95327E+03, 1.33517E+04, 4.07725E+02, 3.37266E+02, 1.18340E+03, 4.31841E+02, 3.58366E+02, 1.25607E+03, 9.37088E+02, 7.47493E+02, 2.35602E+03, 5.09350E+02, 4.16438E+02, 1.40528E+03, 4.90605E+02, 4.06263E+02, 1.43186E+03, 7.14464E+02, 5.83453E+02, 2.00593E+03, 1.19576E+03, 9.78508E+02, 3.40484E+03, 2.40115E+02, 2.03351E+02, 7.40428E+02, 6.19152E+02, 5.04480E+02, 1.70277E+03, 7.67476E+02, 6.26059E+02, 2.09809E+03, 2.02287E+02, 1.66869E+02, 5.83827E+02, 7.14314E+02, 5.78886E+02, 1.94402E+03, 4.17901E+02, 3.37696E+02, 1.11727E+03, 2.54563E+02, 2.13993E+02, 7.69518E+02, 6.05906E+02, 4.99555E+02, 1.71523E+03, 5.86599E+02, 4.90746E+02, 1.78713E+03, 4.17591E+02, 3.45936E+02, 1.21761E+03, 3.08189E+02, 2.53525E+02, 8.74964E+02, 4.62333E+02, 3.90581E+02, 1.45393E+03, 5.09482E+03, 4.07095E+03, 1.35783E+04, 1.22037E+03, 9.83302E+02, 3.14664E+03, 1.07350E+03, 8.67200E+02, 2.85384E+03, 5.92838E+02, 4.83632E+02, 1.66087E+03, 4.40281E+02, 3.71765E+02, 1.39048E+03, 1.21155E+03, 9.94178E+02, 3.51507E+03, 2.02087E+02, 1.67037E+02, 6.01586E+02, 9.06271E+02, 7.33752E+02, 2.52383E+03, 4.04783E+02, 3.38128E+02, 1.23925E+03, 5.76367E+02, 4.69214E+02, 1.63139E+03, 1.75521E+02, 1.46717E+02, 5.33323E+02, 1.48065E+03, 1.18497E+03, 3.86808E+03, 1.17519E+02, 9.92945E+01, 3.71561E+02, 6.72122E+02, 5.49457E+02, 1.84569E+03, 1.75804E+02, 1.49480E+02, 5.48534E+02, 5.81478E+02, 4.80073E+02, 1.66625E+03, 2.19278E+03, 1.77516E+03, 5.92265E+03, 5.25248E+02, 4.27684E+02, 1.43930E+03, 1.19624E+03, 9.72948E+02, 3.29584E+03, 2.60641E+02, 2.21264E+02, 8.29038E+02, 9.52593E+02, 7.82103E+02, 2.71848E+03), .Dim=c(47, 3)), D=3.00000E+00, N=4.70000E+01, adj=c(8.00000E+00, 1.90000E+01, 2.50000E+01, 3.00000E+01, 4.50000E+01, 3.00000E+00, 1.20000E+01, 1.50000E+01, 1.70000E+01, 2.20000E+01, 2.90000E+01, 4.30000E+01, 2.00000E+00, 2.90000E+01, 4.30000E+01, 1.70000E+01, 2.90000E+01, 9.00000E+00, 2.70000E+01, 3.50000E+01, 3.70000E+01, 4.20000E+01, 4.40000E+01, 9.00000E+00, 1.20000E+01, 1.30000E+01, 2.00000E+01, 3.80000E+01, 4.20000E+01, 1.60000E+01, 2.40000E+01, 4.00000E+01, 1.00000E+00, 2.50000E+01, 3.30000E+01, 3.60000E+01, 3.70000E+01, 3.90000E+01, 4.40000E+01, 4.50000E+01, 5.00000E+00, 6.00000E+00, 3.50000E+01, 4.20000E+01, 2.00000E+01, 2.80000E+01, 3.80000E+01, 4.00000E+01, 4.10000E+01, 4.30000E+01, 2.00000E+00, 6.00000E+00, 1.30000E+01, 1.50000E+01, 2.20000E+01, 4.20000E+01, 6.00000E+00, 1.20000E+01, 1.70000E+01, 2.20000E+01, 2.80000E+01, 3.80000E+01, 2.60000E+01, 3.40000E+01, 2.00000E+00, 1.20000E+01, 1.80000E+01, 2.70000E+01, 4.10000E+01, 4.20000E+01, 4.30000E+01, 7.00000E+00, 2.40000E+01, 2.00000E+00, 4.00000E+00, 1.30000E+01, 2.20000E+01, 2.80000E+01, 2.90000E+01, 1.50000E+01, 2.70000E+01, 3.70000E+01, 3.90000E+01, 4.10000E+01, 4.70000E+01, 1.00000E+00, 3.00000E+01, 4.50000E+01, 6.00000E+00, 1.00000E+01, 3.80000E+01, 2.40000E+01, 3.00000E+01, 4.70000E+01, 2.00000E+00, 1.20000E+01, 1.30000E+01, 1.70000E+01, 2.60000E+01, 3.10000E+01, 3.20000E+01, 3.30000E+01, 3.60000E+01, 4.40000E+01, 4.60000E+01, 7.00000E+00, 1.60000E+01, 2.10000E+01, 4.00000E+01, 4.70000E+01, 1.00000E+00, 8.00000E+00, 3.00000E+01, 3.90000E+01, 4.70000E+01, 1.40000E+01, 2.30000E+01, 3.10000E+01, 3.20000E+01, 3.40000E+01, 5.00000E+00, 1.50000E+01, 1.80000E+01, 3.70000E+01, 4.20000E+01, 1.00000E+01, 1.30000E+01, 1.70000E+01, 3.80000E+01, 2.00000E+00, 3.00000E+00, 4.00000E+00, 1.70000E+01, 1.00000E+00, 1.90000E+01, 2.10000E+01, 2.50000E+01, 4.70000E+01, 2.30000E+01, 2.60000E+01, 3.40000E+01, 4.60000E+01, 2.30000E+01, 2.60000E+01, 3.60000E+01, 8.00000E+00, 2.30000E+01, 3.60000E+01, 4.40000E+01, 1.40000E+01, 2.60000E+01, 3.10000E+01, 5.00000E+00, 9.00000E+00, 4.40000E+01, 4.60000E+01, 8.00000E+00, 2.30000E+01, 3.20000E+01, 3.30000E+01, 4.50000E+01, 5.00000E+00, 8.00000E+00, 1.80000E+01, 2.70000E+01, 3.90000E+01, 4.40000E+01, 6.00000E+00, 1.00000E+01, 1.30000E+01, 2.00000E+01, 2.80000E+01, 8.00000E+00, 1.80000E+01, 2.50000E+01, 3.70000E+01, 4.70000E+01, 7.00000E+00, 1.10000E+01, 2.40000E+01, 4.10000E+01, 4.70000E+01, 1.10000E+01, 1.50000E+01, 1.80000E+01, 4.00000E+01, 4.30000E+01, 4.70000E+01, 5.00000E+00, 6.00000E+00, 9.00000E+00, 1.20000E+01, 1.50000E+01, 2.70000E+01, 2.00000E+00, 3.00000E+00, 1.10000E+01, 1.50000E+01, 4.10000E+01, 5.00000E+00, 8.00000E+00, 2.30000E+01, 3.30000E+01, 3.50000E+01, 3.70000E+01, 4.60000E+01, 1.00000E+00, 8.00000E+00, 1.90000E+01, 3.60000E+01, 2.30000E+01, 3.10000E+01, 3.50000E+01, 4.40000E+01, 1.80000E+01, 2.10000E+01, 2.40000E+01, 2.50000E+01, 3.00000E+01, 3.90000E+01, 4.00000E+01, 4.10000E+01),